# echarts 曲线

```
option = {
    title: {
        text: '函数曲线'
    },
    grid:{
        show: true
    },
    tooltip: {
        trigger: 'axis'
    },
    legend: {
        data:['log2n', "-log2n"]
    },
    toolbox: {
        show: true,
        feature: {
            dataZoom: {
                yAxisIndex: 'none'
            },
            dataView: {readOnly: false},
            magicType: {type: ['line', 'bar']},
            restore: {},
            saveAsImage: {}
        }
    },
    xAxis:  {
        type: 'category',
        boundaryGap: true,
        data: [0.1, 0.2, 0.3, 0.4, 0.5, 0.6, 0.7, 0.8, 0.9, 1.0, 1.1, 1.2, 1.3, 1.4, 1.5, 1.6, 1.7, 1.8, 1.9, 2.0, 2.1, 2.2, 2.3, 2.4, 2.5, 2.6, 2.7, 2.8, 2.9, 3.0, 3.1, 3.2, 3.3, 3.4, 3.5, 3.6, 3.7, 3.8, 3.9, 4.0, 4.1, 4.2, 4.3, 4.4, 4.5, 4.6, 4.7, 4.8, 4.9, 5.0, 5.1, 5.2, 5.3, 5.4, 5.5, 5.6, 5.7, 5.8, 5.9, 6.0, 6.1, 6.2, 6.3, 6.4, 6.5, 6.6, 6.7, 6.8, 6.9, 7.0, 7.1, 7.2, 7.3, 7.4, 7.5, 7.6, 7.7, 7.8, 7.9, 8.0, 8.1, 8.2, 8.3, 8.4, 8.5, 8.6, 8.7, 8.8, 8.9, 9.0, 9.1, 9.2, 9.3, 9.4, 9.5, 9.6, 9.7, 9.8, 9.9]
    },
    yAxis: {
        type: 'value'
    },
    series: [
        {
            name:'log2n',
            type:'line',
            data:[-3.321928094887362, -2.321928094887362, -1.7369655941662063, -1.3219280948873622, -1.0, -0.7369655941662062, -0.5145731728297583, -0.3219280948873623, -0.15200309344504997, 0.0, 0.13750352374993502, 0.2630344058337938, 0.37851162325372983, 0.4854268271702417, 0.5849625007211562, 0.6780719051126378, 0.765534746362977, 0.8479969065549501, 0.925999418556223, 1.0, 1.070389327891398, 1.1375035237499351, 1.2016338611696504, 1.2630344058337937, 1.3219280948873624, 1.3785116232537298, 1.4329594072761063, 1.4854268271702415, 1.5360529002402097, 1.5849625007211563, 1.632268215499513, 1.6780719051126378, 1.7224660244710912, 1.7655347463629771, 1.8073549220576042, 1.84799690655495, 1.8875252707415877, 1.925999418556223, 1.9634741239748859, 2.0, 2.035623909730721, 2.070389327891398, 2.1043366598147357, 2.137503523749935, 2.1699250014423126, 2.2016338611696504, 2.232660756790275, 2.263034405833794, 2.292781749227846, 2.321928094887362, 2.3504972470841334, 2.37851162325373, 2.4059923596758366, 2.4329594072761065, 2.4594316186372973, 2.485426827170242, 2.5109619192773796, 2.5360529002402097, 2.560714954474479, 2.584962500721156, 2.608809242675524, 2.632268215499513, 2.655351828612554, 2.678071905112638, 2.700439718141092, 2.722466024471091, 2.7441610955704103, 2.7655347463629774, 2.786596361890807, 2.807354922057604, 2.82781902461732, 2.84799690655495, 2.867896463992655, 2.887525270741588, 2.9068905956085187, 2.925999418556223, 2.9448584458075393, 2.9634741239748865, 2.981852653289741, 3.0, 3.0179219079972626, 3.0356239097307216, 3.053111336459563, 3.070389327891398, 3.0874628412503395, 3.1043366598147353, 3.1210154009613658, 3.137503523749935, 3.1538053360790355, 3.1699250014423126, 3.1858665453113337, 3.2016338611696504, 3.2172307162206693, 3.2326607567902754, 3.2479275134435857, 3.263034405833794, 3.277984747299765, 3.292781749227846, 3.3074285251922477]

        },
        {
            name:'-log2n',
            type:'line',
            data:[3.321928094887362, 2.321928094887362, 1.7369655941662063, 1.3219280948873622, 1.0, 0.7369655941662062, 0.5145731728297583, 0.3219280948873623, 0.15200309344504997, -0.0, -0.13750352374993502, -0.2630344058337938, -0.37851162325372983, -0.4854268271702417, -0.5849625007211562, -0.6780719051126378, -0.765534746362977, -0.8479969065549501, -0.925999418556223, -1.0, -1.070389327891398, -1.1375035237499351, -1.2016338611696504, -1.2630344058337937, -1.3219280948873624, -1.3785116232537298, -1.4329594072761063, -1.4854268271702415, -1.5360529002402097, -1.5849625007211563, -1.632268215499513, -1.6780719051126378, -1.7224660244710912, -1.7655347463629771, -1.8073549220576042, -1.84799690655495, -1.8875252707415877, -1.925999418556223, -1.9634741239748859, -2.0, -2.035623909730721, -2.070389327891398, -2.1043366598147357, -2.137503523749935, -2.1699250014423126, -2.2016338611696504, -2.232660756790275, -2.263034405833794, -2.292781749227846, -2.321928094887362, -2.3504972470841334, -2.37851162325373, -2.4059923596758366, -2.4329594072761065, -2.4594316186372973, -2.485426827170242, -2.5109619192773796, -2.5360529002402097, -2.560714954474479, -2.584962500721156, -2.608809242675524, -2.632268215499513, -2.655351828612554, -2.678071905112638, -2.700439718141092, -2.722466024471091, -2.7441610955704103, -2.7655347463629774, -2.786596361890807, -2.807354922057604, -2.82781902461732, -2.84799690655495, -2.867896463992655, -2.887525270741588, -2.9068905956085187, -2.925999418556223, -2.9448584458075393, -2.9634741239748865, -2.981852653289741, -3.0, -3.0179219079972626, -3.0356239097307216, -3.053111336459563, -3.070389327891398, -3.0874628412503395, -3.1043366598147353, -3.1210154009613658, -3.137503523749935, -3.1538053360790355, -3.1699250014423126, -3.1858665453113337, -3.2016338611696504, -3.2172307162206693, -3.2326607567902754, -3.2479275134435857, -3.263034405833794, -3.277984747299765, -3.292781749227846, -3.3074285251922477]

        }
    ]
};
```